VERTICES 8
-100 -100 -100
100 -100 -100
100 100 -100
-100 100 -100
-100 -100 100
100 -100 100
100 100 100
-100 100 100
EDGES 24
0 1 228 0 48 255
1 2 228 0 48 255
2 3 228 0 48 255
3 0 228 0 48 255
4 5 228 0 48 255
5 6 228 0 48 255
6 7 228 0 48 255
7 4 228 0 48 255
0 4 228 0 48 255
1 5 228 0 48 255
2 6 228 0 48 255
3 7 228 0 48 255
0 2 228 0 48 255
1 3 228 0 48 255
4 6 228 0 48 255
5 7 228 0 48 255
0 7 228 0 48 255
3 4 228 0 48 255
1 6 228 0 48 255
2 5 228 0 48 255
0 5 228 0 48 255
1 4 228 0 48 255
3 6 228 0 48 255
2 7 228 0 48 255
TRANSFORM
0 0 0
0 0 0
2 2 2
